MEME version 4.10.2

ALPHABET= ACGT

strands: + -

Background letter frequencies (from unknown source):
A 0.281 C 0.219 G 0.219 T 0.281

MOTIF 1

letter-probability matrix: alength= 4 w= 19 nsites= 123 E= 2.0e-160
0.398374 0.252033 0.121951 0.227642
0.146341 0.260163 0.195122 0.398374
0.479675 0.081301 0.300813 0.138211
0.113821 0.268293 0.471545 0.146341
0.073171 0.487805 0.056911 0.382114
0.056911 0.000000 0.772358 0.170732
0.065041 0.902439 0.024390 0.008130
0.000000 1.000000 0.000000 0.000000
0.382114 0.552846 0.000000 0.065041
0.000000 0.487805 0.008130 0.504065
0.000000 1.000000 0.000000 0.000000
0.032520 0.024390 0.008130 0.934959
0.341463 0.130081 0.317073 0.211382
0.073171 0.308943 0.536585 0.081301
0.073171 0.073171 0.089431 0.764228
0.000000 0.000000 0.983740 0.016260
0.032520 0.040650 0.837398 0.089431
0.235772 0.333333 0.073171 0.357724
0.227642 0.235772 0.105691 0.430894

log-odds matrix: alength= 4 w= 19 E= 2.0e-160
    50     20    -85    -30
   -94     25    -17     50
    77   -143     46   -102
  -130     29    111    -94
  -194    115   -194     44
  -230  -1359    182    -72
  -211    204   -317   -511
 -1359    219  -1359  -1359
    44    133  -1359   -211
 -1359    115   -475     84
 -1359    219  -1359  -1359
  -311   -317   -475    173
    28    -75     53    -41
  -194     50    129   -179
  -194   -158   -129    144
 -1359  -1359    217   -411
  -311   -243    193   -165
   -25     61   -158     35
   -30     11   -105     62