MEME version 4.10.2

ALPHABET= ACGT

strands: + -

Background letter frequencies (from unknown source):
A 0.229 C 0.271 G 0.271 T 0.229

MOTIF 1

letter-probability matrix: alength= 4 w= 13 nsites= 320 E= 7.1e-517
0.265625 0.015625 0.631250 0.087500
0.503125 0.053125 0.443750 0.000000
0.000000 0.003125 0.000000 0.996875
0.000000 0.003125 0.971875 0.025000
1.000000 0.000000 0.000000 0.000000
0.015625 0.509375 0.131250 0.343750
0.062500 0.040625 0.896875 0.000000
0.012500 0.028125 0.000000 0.959375
0.225000 0.771875 0.000000 0.003125
0.975000 0.000000 0.012500 0.012500
0.043750 0.131250 0.178125 0.646875
0.112500 0.375000 0.337500 0.175000
0.109375 0.312500 0.303125 0.275000

log-odds matrix: alength= 4 w= 13 E= 7.1e-517
    22   -412    122   -139
   114   -235     71  -1497
 -1497   -644  -1497    212
 -1497   -644    184   -319
   213  -1497  -1497  -1497
  -387     91   -105     59
  -187   -274    173  -1497
  -419   -327  -1497    207
    -2    151  -1497   -619
   209  -1497   -444   -419
  -239   -105    -61    150
  -102     47     32    -39
  -107     20     16     27