MEME version 4.10.2

ALPHABET= ACGT

strands: + -

Background letter frequencies (from unknown source):
A 0.279 C 0.221 G 0.221 T 0.279

MOTIF 1

letter-probability matrix: alength= 4 w= 11 nsites= 310 E= 8.6e-276
0.654839 0.090323 0.254839 0.000000
0.000000 0.000000 0.000000 1.000000
0.000000 0.000000 0.000000 1.000000
0.038710 0.000000 0.848387 0.112903
0.000000 1.000000 0.000000 0.000000
0.516129 0.061290 0.261290 0.161290
0.187097 0.558065 0.000000 0.254839
0.806452 0.193548 0.000000 0.000000
1.000000 0.000000 0.000000 0.000000
0.041935 0.390323 0.161290 0.406452
0.364516 0.329032 0.080645 0.225806

log-odds matrix: alength= 4 w= 11 E= 8.6e-276
   123   -129     20  -1492
 -1492  -1492  -1492    184
 -1492  -1492  -1492    184
  -285  -1492    194   -130
 -1492    217  -1492  -1492
    89   -185     24    -79
   -57    133  -1492    -13
   153    -19  -1492  -1492
   184  -1492  -1492  -1492
  -273     82    -46     55
    39     57   -146    -30