MEME version 4.10.2

ALPHABET= ACGT

strands: + -

Background letter frequencies (from unknown source):
A 0.181 C 0.319 G 0.319 T 0.181

MOTIF 1

letter-probability matrix: alength= 4 w= 21 nsites= 188 E= 4.7e-254
0.053191 0.574468 0.212766 0.159574
0.063830 0.170213 0.723404 0.042553
0.053191 0.148936 0.627660 0.170213
0.074468 0.840426 0.063830 0.021277
0.074468 0.053191 0.776596 0.095745
0.042553 0.797872 0.095745 0.063830
0.212766 0.297872 0.382979 0.106383
0.042553 0.606383 0.287234 0.063830
0.287234 0.223404 0.297872 0.191489
0.127660 0.382979 0.244681 0.244681
0.159574 0.329787 0.180851 0.329787
0.255319 0.063830 0.457447 0.223404
0.489362 0.063830 0.446809 0.000000
0.000000 0.021277 0.000000 0.978723
0.063830 0.000000 0.904255 0.031915
0.904255 0.010638 0.074468 0.010638
0.000000 0.946809 0.021277 0.031915
0.053191 0.000000 0.946809 0.000000
0.095745 0.191489 0.000000 0.712766
0.287234 0.606383 0.074468 0.031915
0.670213 0.127660 0.117021 0.085106

log-odds matrix: alength= 4 w= 21 E= 4.7e-254
  -176     85    -59    -18
  -150    -91    118   -209
  -176   -110     98     -9
  -128    140   -232   -309
  -128   -259    128    -92
  -209    132   -174   -150
    24    -10     26    -76
  -209     93    -15   -150
    67    -52    -10      8
   -50     26    -38     44
   -18      5    -82     87
    50   -232     52     31
   144   -232     48  -1420
 -1420   -391  -1420    244
  -150  -1420    150   -250
   232   -491   -210   -409
 -1420    157   -391   -250
  -176  -1420    157  -1420
   -92    -74  -1420    198
    67     93   -210   -250
   189   -132   -145   -109