MEME version 4.10.2

ALPHABET= ACGT

strands: + -

Background letter frequencies (from unknown source):
A 0.179 C 0.321 G 0.321 T 0.179

MOTIF 1

letter-probability matrix: alength= 4 w= 15 nsites= 482 E= 1.6e-808
0.033195 0.286307 0.607884 0.072614
0.008299 0.672199 0.010373 0.309129
0.060166 0.008299 0.858921 0.072614
0.051867 0.825726 0.043568 0.078838
0.004149 0.985477 0.004149 0.006224
0.321577 0.603734 0.037344 0.037344
0.000000 0.643154 0.004149 0.352697
0.000000 1.000000 0.000000 0.000000
0.051867 0.056017 0.031120 0.860996
0.263485 0.097510 0.535270 0.103734
0.010373 0.331950 0.632780 0.024896
0.112033 0.261411 0.014523 0.612033
0.000000 0.000000 0.993776 0.006224
0.039419 0.047718 0.836100 0.076763
0.143154 0.570539 0.093361 0.192946

log-odds matrix: alength= 4 w= 15 E= 1.6e-808
  -243    -16     92   -131
  -443    107   -495     78
  -158   -527    142   -131
  -179    137   -288   -119
  -543    162   -627   -485
    84     91   -310   -226
 -1556    100   -627     97
 -1556    164  -1556  -1556
  -179   -252   -336    226
    55   -172     74    -79
  -411      5     98   -285
   -68    -29   -446    177
 -1556  -1556    163   -485
  -219   -275    138   -123
   -33     83   -178     10