MEME version 4.10.2

ALPHABET= ACGT

strands: + -

Background letter frequencies (from unknown source):
A 0.129 C 0.371 G 0.371 T 0.129

MOTIF 1

letter-probability matrix: alength= 4 w= 15 nsites= 500 E= 1.8e-067
0.054000 0.534000 0.324000 0.088000
0.110000 0.458000 0.040000 0.392000
0.032000 0.086000 0.502000 0.380000
0.034000 0.672000 0.294000 0.000000
0.000000 0.250000 0.750000 0.000000
0.000000 1.000000 0.000000 0.000000
0.000000 0.000000 0.992000 0.008000
0.000000 0.986000 0.014000 0.000000
0.004000 0.532000 0.266000 0.198000
0.144000 0.540000 0.068000 0.248000
0.146000 0.230000 0.198000 0.426000
0.026000 0.444000 0.272000 0.258000
0.032000 0.462000 0.208000 0.298000
0.004000 0.542000 0.204000 0.250000
0.058000 0.422000 0.248000 0.272000

log-odds matrix: alength= 4 w= 15 E= 1.8e-067
  -126     53    -20    -55
   -23     30   -321    160
  -201   -211     44    156
  -192     86    -34  -1561
 -1561    -57    102  -1561
 -1561    143  -1561  -1561
 -1561  -1561    142   -401
 -1561    141   -473  -1561
  -501     52    -48     62
    16     54   -245     94
    18    -69    -91    172
  -231     26    -45    100
  -201     32    -83    121
  -501     55    -86     95
  -115     19    -58    108