MEME version 4.10.2

ALPHABET= ACGT

strands: + -

Background letter frequencies (from unknown source):
A 0.139 C 0.361 G 0.361 T 0.139

MOTIF 2

letter-probability matrix: alength= 4 w= 11 nsites= 150 E= 1.9e-053
0.246667 0.120000 0.633333 0.000000
0.233333 0.426667 0.293333 0.046667
0.200000 0.266667 0.373333 0.160000
0.000000 1.000000 0.000000 0.000000
1.000000 0.000000 0.000000 0.000000
0.000000 0.906667 0.000000 0.093333
0.000000 0.000000 1.000000 0.000000
0.000000 0.000000 0.000000 1.000000
0.000000 0.000000 1.000000 0.000000
0.193333 0.373333 0.433333 0.000000
0.200000 0.480000 0.140000 0.180000

log-odds matrix: alength= 4 w= 11 E= 1.9e-053
    83   -159     81  -1387
    75     24    -30   -157
    53    -44      5     21
 -1387    147  -1387  -1387
   285  -1387  -1387  -1387
 -1387    133  -1387    -57
 -1387  -1387    147  -1387
 -1387  -1387  -1387    285
 -1387  -1387    147  -1387
    48      5     26  -1387
    53     41   -137     38