MEME version 4.10.2

ALPHABET= ACGT

strands: + -

Background letter frequencies (from unknown source):
A 0.161 C 0.339 G 0.339 T 0.161

MOTIF 1

letter-probability matrix: alength= 4 w= 21 nsites= 500 E= 1.4e-687
0.194000 0.274000 0.422000 0.110000
0.136000 0.148000 0.292000 0.424000
0.046000 0.044000 0.910000 0.000000
0.088000 0.830000 0.000000 0.082000
0.000000 0.002000 0.994000 0.004000
0.000000 0.006000 0.492000 0.502000
0.058000 0.000000 0.940000 0.002000
0.000000 0.000000 1.000000 0.000000
0.000000 0.004000 0.996000 0.000000
0.102000 0.704000 0.000000 0.194000
0.018000 0.002000 0.974000 0.006000
0.058000 0.024000 0.726000 0.192000
0.234000 0.220000 0.396000 0.150000
0.198000 0.180000 0.468000 0.154000
0.162000 0.234000 0.478000 0.126000
0.162000 0.294000 0.374000 0.170000
0.168000 0.176000 0.484000 0.172000
0.178000 0.246000 0.412000 0.164000
0.154000 0.274000 0.454000 0.118000
0.170000 0.214000 0.474000 0.142000
0.154000 0.264000 0.456000 0.126000

log-odds matrix: alength= 4 w= 21 E= 1.4e-687
    27    -31     32    -55
   -25   -119    -21    139
  -181   -294    143  -1561
   -88    129  -1561    -98
 -1561   -740    155   -533
 -1561   -582     54    164
  -148  -1561    147   -633
 -1561  -1561    156  -1561
 -1561   -640    156  -1561
   -66    106  -1561     27
  -316   -740    152   -475
  -148   -382    110     25
    54    -62     23    -11
    29    -91     47     -7
     1    -53     50    -36
     1    -20     14      7
     6    -94     52      9
    14    -46     28      2
    -7    -31     42    -45
     7    -66     49    -18
    -7    -36     43    -36