MEME version 4.10.2

ALPHABET= ACGT

strands: + -

Background letter frequencies (from unknown source):
A 0.264 C 0.236 G 0.236 T 0.264

MOTIF 1

letter-probability matrix: alength= 4 w= 20 nsites= 132 E= 3.9e-115
0.515152 0.075758 0.348485 0.060606
0.083333 0.000000 0.696970 0.219697
0.015152 0.083333 0.848485 0.053030
0.068182 0.143939 0.113636 0.674242
0.000000 0.878788 0.090909 0.030303
0.856061 0.000000 0.015152 0.128788
0.242424 0.303030 0.378788 0.075758
0.204545 0.234848 0.393939 0.166667
0.219697 0.386364 0.333333 0.060606
0.068182 0.000000 0.000000 0.931818
0.037879 0.015152 0.946970 0.000000
0.628788 0.272727 0.000000 0.098485
0.000000 0.962121 0.007576 0.030303
0.113636 0.795455 0.007576 0.083333
0.098485 0.371212 0.068182 0.462121
0.424242 0.037879 0.401515 0.136364
0.181818 0.083333 0.643939 0.090909
0.287879 0.227273 0.295455 0.189394
0.181818 0.378788 0.212121 0.227273
0.318182 0.386364 0.113636 0.181818

log-odds matrix: alength= 4 w= 20 E= 3.9e-115
    96   -164     56   -212
  -166  -1369    156    -27
  -412   -150    185   -232
  -195    -71   -105    135
 -1369    190   -137   -312
   170  -1369   -396   -104
   -12     36     68   -180
   -37     -1     74    -66
   -27     71     50   -212
  -195  -1369  -1369    182
  -280   -396    201  -1369
   125     21  -1369   -142
 -1369    203   -496   -312
  -122    175   -496   -166
  -142     65   -179     81
    68   -264     77    -95
   -54   -150    145   -154
    12     -5     33    -48
   -54     68    -15    -22
    27     71   -105    -54