MEME version 4.10.2

ALPHABET= ACGT

strands: + -

Background letter frequencies (from unknown source):
A 0.264 C 0.236 G 0.236 T 0.264

MOTIF 1

letter-probability matrix: alength= 4 w= 11 nsites= 270 E= 1.6e-151
0.170370 0.444444 0.188889 0.196296
0.470370 0.018519 0.037037 0.474074
0.437037 0.088889 0.396296 0.077778
0.488889 0.000000 0.174074 0.337037
0.222222 0.000000 0.737037 0.040741
0.033333 0.314815 0.000000 0.651852
0.877778 0.122222 0.000000 0.000000
0.959259 0.040741 0.000000 0.000000
1.000000 0.000000 0.000000 0.000000
0.000000 0.733333 0.000000 0.266667
1.000000 0.000000 0.000000 0.000000

log-odds matrix: alength= 4 w= 11 E= 1.6e-151
   -63     91    -32    -43
    83   -367   -267     84
    73   -141     75   -176
    89  -1472    -44     35
   -25  -1472    164   -270
  -299     42  -1472    130
   173    -95  -1472  -1472
   186   -253  -1472  -1472
   192  -1472  -1472  -1472
 -1472    164  -1472      1
   192  -1472  -1472  -1472