MEME version 4.10.2

ALPHABET= ACGT

strands: + -

Background letter frequencies (from unknown source):
A 0.298 C 0.202 G 0.202 T 0.298

MOTIF 1

letter-probability matrix: alength= 4 w= 11 nsites= 500 E= 6.7e-393
0.018000 0.004000 0.002000 0.976000
0.252000 0.006000 0.742000 0.000000
0.000000 0.002000 0.004000 0.994000
0.000000 0.000000 0.088000 0.912000
0.002000 0.000000 0.136000 0.862000
0.724000 0.002000 0.270000 0.004000
0.028000 0.746000 0.004000 0.222000
0.386000 0.130000 0.010000 0.474000
0.074000 0.268000 0.142000 0.516000
0.422000 0.030000 0.066000 0.482000
0.248000 0.158000 0.392000 0.202000

log-odds matrix: alength= 4 w= 11 E= 6.7e-393
  -405   -565   -665    171
   -24   -507    188  -1561
 -1561   -665   -565    174
 -1561  -1561   -120    161
  -722  -1561    -57    153
   128   -665     42   -622
  -341    189   -565    -43
    37    -63   -433     67
  -201     41    -51     79
    50   -275   -161     69
   -27    -35     96    -56