MEME version 4.10.2

ALPHABET= ACGT

strands: + -

Background letter frequencies (from unknown source):
A 0.193 C 0.307 G 0.307 T 0.193

MOTIF 1

letter-probability matrix: alength= 4 w= 14 nsites= 482 E= 1.4e-679
0.255187 0.195021 0.300830 0.248963
0.091286 0.446058 0.246888 0.215768
0.124481 0.556017 0.122407 0.197095
0.591286 0.039419 0.296680 0.072614
0.000000 0.829876 0.031120 0.139004
0.010373 0.000000 0.000000 0.989627
0.000000 0.000000 0.000000 1.000000
0.000000 1.000000 0.000000 0.000000
0.000000 1.000000 0.000000 0.000000
0.000000 0.000000 0.902490 0.097510
0.000000 0.122407 0.819502 0.058091
0.062241 0.298755 0.238589 0.400415
0.114108 0.232365 0.321577 0.331950
0.105809 0.433610 0.275934 0.184647

log-odds matrix: alength= 4 w= 14 E= 1.4e-679
    40    -65     -3     36
  -108     54    -31     16
   -64     86   -132      3
   161   -296     -5   -141
 -1556    144   -330    -48
  -422  -1556  -1556    236
 -1556  -1556  -1556    237
 -1556    171  -1556  -1556
 -1556    171  -1556  -1556
 -1556  -1556    156    -99
 -1556   -132    142   -173
  -164     -4    -36    105
   -76    -40      7     78
   -87     50    -15     -7