MEME version 4.10.2

ALPHABET= ACGT

strands: + -

Background letter frequencies (from unknown source):
A 0.288 C 0.212 G 0.212 T 0.288

MOTIF 1

letter-probability matrix: alength= 4 w= 10 nsites= 499 E= 1.5e-189
0.272545 0.226453 0.100200 0.400802
0.108216 0.226453 0.182365 0.482966
0.088176 0.420842 0.314629 0.176353
0.074148 0.208417 0.026052 0.691383
0.124248 0.084168 0.008016 0.783567
0.995992 0.002004 0.002004 0.000000
0.000000 0.000000 0.000000 1.000000
0.000000 1.000000 0.000000 0.000000
0.334669 0.000000 0.010020 0.655311
0.062124 0.226453 0.521042 0.190381

log-odds matrix: alength= 4 w= 10 E= 1.5e-189
    -8     10   -108     48
  -141     10    -22     75
  -171     99     57    -71
  -196     -2   -302    126
  -121   -133   -472    144
   179   -672   -672  -1561
 -1561  -1561  -1561    180
 -1561    224  -1561  -1561
    22  -1561   -440    119
  -221     10    130    -60