MEME version 4.10.2

ALPHABET= ACGT

strands: + -

Background letter frequencies (from unknown source):
A 0.243 C 0.257 G 0.257 T 0.243

MOTIF 1

letter-probability matrix: alength= 4 w= 15 nsites= 496 E= 7.9e-770
0.195565 0.318548 0.201613 0.284274
0.165323 0.383065 0.197581 0.254032
0.098790 0.068548 0.060484 0.772177
0.060484 0.010081 0.913306 0.016129
0.256048 0.090726 0.610887 0.042339
0.782258 0.169355 0.016129 0.032258
0.022177 0.953629 0.022177 0.002016
0.000000 0.108871 0.000000 0.891129
0.022177 0.191532 0.008065 0.778226
0.016129 0.022177 0.022177 0.939516
0.068548 0.004032 0.913306 0.014113
0.280242 0.209677 0.375000 0.135081
0.423387 0.328629 0.074597 0.173387
0.080645 0.804435 0.028226 0.086694
0.108871 0.421371 0.034274 0.435484

log-odds matrix: alength= 4 w= 15 E= 7.9e-770
   -31     31    -35     23
   -56     58    -38      6
  -130   -191   -209    167
  -201   -467    183   -391
     7   -150    125   -252
   169    -60   -399   -291
  -345    189   -353   -691
 -1560   -124  -1560    187
  -345    -42   -499    168
  -391   -353   -353    195
  -183   -599    183   -411
    20    -29     55    -85
    80     36   -178    -49
  -159    165   -319   -149
  -116     71   -291     84