MEME version 4.10.2

ALPHABET= ACGT

strands: + -

Background letter frequencies (from unknown source):
A 0.187 C 0.313 G 0.313 T 0.187

MOTIF 1

letter-probability matrix: alength= 4 w= 11 nsites= 173 E= 5.0e-246
0.063584 0.283237 0.485549 0.167630
0.572254 0.265896 0.144509 0.017341
0.000000 0.000000 0.000000 1.000000
0.000000 0.000000 0.982659 0.017341
1.000000 0.000000 0.000000 0.000000
0.000000 0.410405 0.572254 0.017341
0.000000 0.000000 0.000000 1.000000
0.000000 0.994220 0.000000 0.005780
1.000000 0.000000 0.000000 0.000000
0.000000 0.624277 0.080925 0.294798
0.046243 0.653179 0.028902 0.271676

log-odds matrix: alength= 4 w= 11 E= 5.0e-246
  -155    -15     63    -16
   162    -24   -112   -343
 -1408  -1408  -1408    242
 -1408  -1408    165   -343
   242  -1408  -1408  -1408
 -1408     39     87   -343
 -1408  -1408  -1408    242
 -1408    167  -1408   -501
   242  -1408  -1408  -1408
 -1408    100   -195     66
  -201    106   -344     54