MEME version 4.10.2

ALPHABET= ACGT

strands: + -

Background letter frequencies (from unknown source):
A 0.297 C 0.203 G 0.203 T 0.297

MOTIF 1

letter-probability matrix: alength= 4 w= 19 nsites= 464 E= 1.0e-1510
0.349138 0.237069 0.206897 0.206897
0.543103 0.088362 0.187500 0.181034
0.581897 0.034483 0.157328 0.226293
0.635776 0.012931 0.051724 0.299569
0.491379 0.032328 0.032328 0.443966
0.303879 0.150862 0.129310 0.415948
0.086207 0.064655 0.062500 0.786638
0.012931 0.058190 0.918103 0.010776
0.105603 0.801724 0.000000 0.092672
0.107759 0.127155 0.010776 0.754310
0.185345 0.028017 0.678879 0.107759
0.767241 0.034483 0.051724 0.146552
0.084052 0.271552 0.616379 0.028017
0.000000 0.000000 0.000000 1.000000
0.021552 0.978448 0.000000 0.000000
1.000000 0.000000 0.000000 0.000000
0.000000 0.006466 0.903017 0.090517
0.000000 0.984914 0.008621 0.006466
0.881466 0.000000 0.045259 0.073276

log-odds matrix: alength= 4 w= 19 E= 1.0e-1510
    23     22      3    -52
    87   -120    -11    -71
    97   -256    -37    -39
   110   -397   -197      1
    73   -265   -265     58
     3    -43    -65     49
  -178   -165   -170    141
  -452   -180    218   -478
  -149    198  -1550   -168
  -146    -67   -423    134
   -68   -286    174   -146
   137   -256   -197   -102
  -182     42    160   -341
 -1550  -1550  -1550    175
  -378    227  -1550  -1550
   175  -1550  -1550  -1550
 -1550   -497    215   -171
 -1550    228   -456   -552
   157  -1550   -216   -202