MEME version 4.10.2

ALPHABET= ACGT

strands: + -

Background letter frequencies (from unknown source):
A 0.199 C 0.301 G 0.301 T 0.199

MOTIF 1

letter-probability matrix: alength= 4 w= 14 nsites= 491 E= 1.3e-702
0.207739 0.299389 0.382892 0.109980
0.405295 0.228106 0.209776 0.156823
0.138493 0.619145 0.205703 0.036660
0.000000 1.000000 0.000000 0.000000
0.997963 0.000000 0.002037 0.000000
0.000000 0.922607 0.000000 0.077393
0.004073 0.000000 0.995927 0.000000
0.000000 0.002037 0.000000 0.997963
0.000000 0.000000 1.000000 0.000000
0.311609 0.262729 0.246436 0.179226
0.018330 0.505092 0.099796 0.376782
0.134420 0.472505 0.052953 0.340122
0.201629 0.309572 0.201629 0.287169
0.116090 0.397149 0.307536 0.179226

log-odds matrix: alength= 4 w= 14 E= 1.3e-702
     6     -1     35    -86
   102    -40    -52    -35
   -52    104    -55   -244
 -1558    173  -1558  -1558
   232  -1558   -720  -1558
 -1558    162  -1558   -136
  -561  -1558    173  -1558
 -1558   -720  -1558    232
 -1558  -1558    173  -1558
    65    -19    -29    -15
  -344     75   -159     92
   -57     65   -251     77
     2      4    -58     53
   -78     40      3    -15