MEME version 4.10.2

ALPHABET= ACGT

strands: + -

Background letter frequencies (from unknown source):
A 0.158 C 0.342 G 0.342 T 0.158

MOTIF 1

letter-probability matrix: alength= 4 w= 14 nsites= 407 E= 1.1e-231
0.152334 0.373464 0.429975 0.044226
0.000000 1.000000 0.000000 0.000000
1.000000 0.000000 0.000000 0.000000
0.000000 1.000000 0.000000 0.000000
0.167076 0.000000 0.832924 0.000000
0.090909 0.228501 0.000000 0.680590
0.000000 0.000000 1.000000 0.000000
0.000000 0.167076 0.769042 0.063882
0.152334 0.432432 0.206388 0.208845
0.115479 0.447174 0.272727 0.164619
0.127764 0.336609 0.412776 0.122850
0.076167 0.449631 0.368550 0.105651
0.176904 0.280098 0.393120 0.149877
0.120393 0.334152 0.484029 0.061425

log-odds matrix: alength= 4 w= 14 E= 1.1e-231
    -5     13     33   -183
 -1531    155  -1531  -1531
   266  -1531  -1531  -1531
 -1531    155  -1531  -1531
     8  -1531    128  -1531
   -79    -58  -1531    211
 -1531  -1531    155  -1531
 -1531   -103    117   -130
    -5     34    -73     41
   -45     39    -33      6
   -30     -2     27    -36
  -105     39     11    -58
    17    -29     20     -7
   -39     -3     50   -136