MEME version 4.10.2

ALPHABET= ACGT

strands: + -

Background letter frequencies (from unknown source):
A 0.263 C 0.237 G 0.237 T 0.263

MOTIF 2

letter-probability matrix: alength= 4 w= 11 nsites= 300 E= 6.1e-109
0.496667 0.146667 0.240000 0.116667
0.393333 0.063333 0.206667 0.336667
0.456667 0.160000 0.370000 0.013333
1.000000 0.000000 0.000000 0.000000
0.000000 0.846667 0.153333 0.000000
1.000000 0.000000 0.000000 0.000000
1.000000 0.000000 0.000000 0.000000
0.540000 0.000000 0.000000 0.460000
0.306667 0.000000 0.693333 0.000000
0.253333 0.193333 0.526667 0.026667
0.323333 0.353333 0.216667 0.106667

log-odds matrix: alength= 4 w= 11 E= 6.1e-109
    91    -69      2   -118
    58   -190    -19     35
    79    -56     65   -430
   192  -1487  -1487  -1487
 -1487    184    -63  -1487
   192  -1487  -1487  -1487
   192  -1487  -1487  -1487
   104  -1487  -1487     80
    22  -1487    155  -1487
    -6    -29    115   -330
    30     58    -13   -130