MEME version 4.10.2

ALPHABET= ACGT

strands: + -

Background letter frequencies (from unknown source):
A 0.199 C 0.301 G 0.301 T 0.199

MOTIF 1

letter-probability matrix: alength= 4 w= 15 nsites= 408 E= 8.9e-1626
0.004902 0.950980 0.012255 0.031863
0.980392 0.000000 0.017157 0.002451
0.012255 0.012255 0.973039 0.002451
0.063725 0.720588 0.159314 0.056373
0.990196 0.000000 0.002451 0.007353
0.000000 1.000000 0.000000 0.000000
0.004902 0.968137 0.002451 0.024510
0.575980 0.090686 0.134804 0.198529
0.125000 0.318627 0.088235 0.468137
0.017157 0.000000 0.973039 0.009804
0.002451 0.000000 0.997549 0.000000
0.926471 0.041667 0.012255 0.019608
0.004902 0.870098 0.088235 0.036765
0.990196 0.000000 0.000000 0.009804
0.017157 0.002451 0.980392 0.000000

log-odds matrix: alength= 4 w= 15 E= 8.9e-1626
  -534    166   -462   -264
   230  -1532   -413   -634
  -402   -462    169   -634
  -164    126    -92   -182
   231  -1532   -694   -476
 -1532    173  -1532  -1532
  -534    169   -694   -302
   153   -173   -116      0
   -67      8   -177    123
  -354  -1532    169   -434
  -634  -1532    173  -1532
   222   -285   -462   -334
  -534    153   -177   -244
   231  -1532  -1532   -434
  -354   -694    170  -1532