MEME version 4.10.2

ALPHABET= ACGT

strands: + -

Background letter frequencies (from unknown source):
A 0.228 C 0.272 G 0.272 T 0.228

MOTIF 1

letter-probability matrix: alength= 4 w= 18 nsites= 403 E= 3.9e-501
0.086849 0.248139 0.208437 0.456576
0.156328 0.349876 0.344913 0.148883
0.047146 0.856079 0.052109 0.044665
0.156328 0.655087 0.009926 0.178660
0.019851 0.302730 0.014888 0.662531
0.585608 0.012407 0.397022 0.004963
0.054591 0.004963 0.925558 0.014888
0.136476 0.635236 0.004963 0.223325
0.741935 0.012407 0.161290 0.084367
0.965261 0.007444 0.027295 0.000000
0.004963 0.972705 0.004963 0.017370
0.476427 0.191067 0.066998 0.265509
0.265509 0.124069 0.550868 0.059553
0.317618 0.277916 0.325062 0.079404
0.084367 0.173697 0.138958 0.602978
0.096774 0.124069 0.687345 0.091811
0.617866 0.163772 0.116625 0.101737
0.069479 0.516129 0.186104 0.228288

log-odds matrix: alength= 4 w= 18 E= 3.9e-501
  -139    -13    -38    100
   -55     36     34    -62
  -228    166   -238   -235
   -55    127   -477    -35
  -352     16   -419    154
   136   -445     55   -552
  -206   -577    177   -394
   -74    122   -577     -3
   170   -445    -75   -144
   208   -519   -332  -1530
  -552    184   -577   -372
   106    -51   -202     22
    22   -113    102   -194
    48      3     26   -152
  -144    -65    -97    140
  -124   -113    134   -131
   144    -73   -122   -117
  -172     93    -55      0