MEME version 4.10.2

ALPHABET= ACGT

strands: + -

Background letter frequencies (from unknown source):
A 0.265 C 0.235 G 0.235 T 0.265

MOTIF 1

letter-probability matrix: alength= 4 w= 15 nsites= 500 E= 4.2e-1545
0.754000 0.036000 0.084000 0.126000
0.752000 0.028000 0.102000 0.118000
0.678000 0.012000 0.078000 0.232000
0.130000 0.044000 0.810000 0.016000
0.642000 0.084000 0.272000 0.002000
0.100000 0.000000 0.900000 0.000000
0.000000 0.000000 1.000000 0.000000
1.000000 0.000000 0.000000 0.000000
0.990000 0.000000 0.000000 0.010000
0.018000 0.292000 0.690000 0.000000
0.012000 0.000000 0.006000 0.982000
0.002000 0.018000 0.980000 0.000000
0.692000 0.076000 0.210000 0.022000
0.538000 0.074000 0.296000 0.092000
0.732000 0.106000 0.066000 0.096000

log-odds matrix: alength= 4 w= 15 E= 4.2e-1545
   151   -271   -148   -107
   150   -307   -120   -117
   136   -429   -159    -19
  -103   -242    179   -405
   128   -148     21   -705
  -141  -1561    194  -1561
 -1561  -1561    209  -1561
   192  -1561  -1561  -1561
   190  -1561  -1561   -473
  -388     31    155  -1561
  -446  -1561   -529    189
  -705   -371    206  -1561
   138   -163    -16   -359
   102   -167     33   -153
   147   -115   -183   -146