MEME version 4.10.2

ALPHABET= ACGT

strands: + -

Background letter frequencies (from unknown source):
A 0.205 C 0.295 G 0.295 T 0.205

MOTIF 1

letter-probability matrix: alength= 4 w= 18 nsites= 204 E= 6.2e-346
0.279412 0.191176 0.200980 0.328431
0.156863 0.215686 0.122549 0.504902
0.098039 0.166667 0.171569 0.563725
0.132353 0.112745 0.549020 0.205882
0.004902 0.970588 0.000000 0.024510
0.000000 0.960784 0.000000 0.039216
0.308824 0.044118 0.009804 0.637255
0.191176 0.014706 0.034314 0.759804
0.720588 0.000000 0.083333 0.196078
0.083333 0.034314 0.004902 0.877451
0.593137 0.009804 0.000000 0.397059
0.259804 0.000000 0.039216 0.700980
0.034314 0.000000 0.960784 0.004902
0.009804 0.004902 0.975490 0.009804
0.161765 0.171569 0.397059 0.269608
0.166667 0.637255 0.078431 0.117647
0.676471 0.044118 0.112745 0.166667
0.200980 0.200980 0.181373 0.416667

log-odds matrix: alength= 4 w= 18 E= 6.2e-346
    45    -63    -56     68
   -38    -45   -127    130
  -106    -83    -78    146
   -63   -139     89      1
  -538    172  -1432   -306
 -1432    170  -1432   -238
    59   -274   -491    164
   -10   -433   -310    189
   182  -1432   -182     -6
  -130   -310   -591    210
   153   -491  -1432     96
    34  -1432   -291    178
  -258  -1432    170   -538
  -438   -591    172   -438
   -34    -78     43     40
   -30    111   -191    -80
   172   -274   -139    -30
    -3    -56    -70    103