MEME version 4.10.2

ALPHABET= ACGT

strands: + -

Background letter frequencies (from unknown source):
A 0.286 C 0.214 G 0.214 T 0.286

MOTIF 2

letter-probability matrix: alength= 4 w= 8 nsites= 249 E= 3.7e-117
0.578313 0.112450 0.309237 0.000000
0.000000 0.000000 0.000000 1.000000
0.000000 0.000000 0.983936 0.016064
1.000000 0.000000 0.000000 0.000000
0.008032 0.622490 0.144578 0.224900
0.076305 0.000000 0.108434 0.815261
0.148594 0.851406 0.000000 0.000000
1.000000 0.000000 0.000000 0.000000

log-odds matrix: alength= 4 w= 8 E= 3.7e-117
   102    -93     53  -1460
 -1460  -1460  -1460    181
 -1460  -1460    220   -415
   181  -1460  -1460  -1460
  -515    154    -57    -35
  -191  -1460    -98    151
   -94    199  -1460  -1460
   181  -1460  -1460  -1460