MEME version 4.10.2

ALPHABET= ACGT

strands: + -

Background letter frequencies (from unknown source):
A 0.181 C 0.319 G 0.319 T 0.181

MOTIF 1

letter-probability matrix: alength= 4 w= 11 nsites= 191 E= 4.1e-240
0.884817 0.005236 0.099476 0.010471
0.769634 0.052356 0.099476 0.078534
0.251309 0.115183 0.612565 0.020942
1.000000 0.000000 0.000000 0.000000
0.047120 0.000000 0.010471 0.942408
0.005236 0.005236 0.989529 0.000000
0.000000 0.000000 1.000000 0.000000
0.026178 0.973822 0.000000 0.000000
0.057592 0.041885 0.811518 0.089005
0.062827 0.109948 0.790576 0.036649
0.204188 0.675393 0.020942 0.099476

log-odds matrix: alength= 4 w= 11 E= 4.1e-240
   229   -592   -168   -411
   209   -261   -168   -121
    47   -147     94   -311
   246  -1422  -1422  -1422
  -194  -1422   -493    238
  -511   -592    163  -1422
 -1422  -1422    165  -1422
  -279    161  -1422  -1422
  -165   -293    135   -103
  -153   -153    131   -231
    17    108   -393    -87