MEME version 4.10.2

ALPHABET= ACGT

strands: + -

Background letter frequencies (from unknown source):
A 0.283 C 0.217 G 0.217 T 0.283

MOTIF 1

letter-probability matrix: alength= 4 w= 11 nsites= 318 E= 8.7e-148
0.229560 0.443396 0.097484 0.229560
0.415094 0.034591 0.000000 0.550314
0.459119 0.119497 0.336478 0.084906
0.562893 0.000000 0.166667 0.270440
0.323899 0.000000 0.644654 0.031447
0.025157 0.496855 0.040881 0.437107
0.930818 0.069182 0.000000 0.000000
0.889937 0.110063 0.000000 0.000000
1.000000 0.000000 0.000000 0.000000
0.000000 0.688679 0.000000 0.311321
1.000000 0.000000 0.000000 0.000000

log-odds matrix: alength= 4 w= 11 E= 8.7e-148
   -30    103   -115    -30
    55   -265  -1496     96
    70    -86     64   -174
    99  -1496    -38     -7
    19  -1496    157   -317
  -349    120   -240     62
   172   -165  -1496  -1496
   165    -98  -1496  -1496
   182  -1496  -1496  -1496
 -1496    167  -1496     14
   182  -1496  -1496  -1496