MEME version 4.10.2

ALPHABET= ACGT

strands: + -

Background letter frequencies (from unknown source):
A 0.223 C 0.277 G 0.277 T 0.223

MOTIF 1

letter-probability matrix: alength= 4 w= 15 nsites= 476 E= 1.4e-549
0.123950 0.403361 0.275210 0.197479
0.191176 0.308824 0.344538 0.155462
0.220588 0.273109 0.310924 0.195378
0.186975 0.252101 0.273109 0.287815
0.077731 0.355042 0.327731 0.239496
0.056723 0.544118 0.207983 0.191176
0.000000 0.861345 0.039916 0.098739
0.012605 0.033613 0.000000 0.953782
0.000000 0.033613 0.006303 0.960084
0.008403 0.000000 0.000000 0.991597
0.031513 0.132353 0.808824 0.027311
0.852941 0.002101 0.035714 0.109244
0.279412 0.000000 0.018908 0.701681
0.063025 0.464286 0.449580 0.023109
0.119748 0.207983 0.088235 0.584034

log-odds matrix: alength= 4 w= 15 E= 1.4e-549
   -85     54     -1    -17
   -22     16     31    -52
    -1     -2     17    -19
   -25    -14     -2     37
  -152     36     24     10
  -197     97    -41    -22
 -1554    164   -280   -117
  -414   -304  -1554    210
 -1554   -304   -546    211
  -473  -1554  -1554    215
  -282   -107    154   -303
   194   -704   -296   -103
    33  -1554   -387    166
  -182     74     70   -327
   -90    -41   -165    139