MEME version 4.10.2

ALPHABET= ACGT

strands: + -

Background letter frequencies (from unknown source):
A 0.257 C 0.243 G 0.243 T 0.257

MOTIF 1

letter-probability matrix: alength= 4 w= 9 nsites= 140 E= 7.0e-068
0.164286 0.600000 0.100000 0.135714
0.507143 0.000000 0.000000 0.492857
0.000000 0.000000 1.000000 0.000000
0.064286 0.000000 0.935714 0.000000
0.971429 0.028571 0.000000 0.000000
1.000000 0.000000 0.000000 0.000000
0.000000 0.000000 0.000000 1.000000
0.000000 0.071429 0.692857 0.235714
0.000000 0.621429 0.000000 0.378571

log-odds matrix: alength= 4 w= 9 E= 7.0e-068
   -64    130   -128    -92
    98  -1377  -1377     94
 -1377  -1377    204  -1377
  -200  -1377    194  -1377
   192   -309  -1377  -1377
   196  -1377  -1377  -1377
 -1377  -1377  -1377    196
 -1377   -177    151    -12
 -1377    135  -1377     56