MEME version 4.10.2

ALPHABET= ACGT

strands: + -

Background letter frequencies (from unknown source):
A 0.187 C 0.313 G 0.313 T 0.187

MOTIF 1

letter-probability matrix: alength= 4 w= 21 nsites= 498 E= 1.3e-2137
0.323293 0.076305 0.550201 0.050201
0.417671 0.060241 0.497992 0.024096
0.907631 0.070281 0.014056 0.008032
0.010040 0.947791 0.016064 0.026104
0.012048 0.076305 0.026104 0.885542
0.831325 0.084337 0.048193 0.036145
0.006024 0.947791 0.018072 0.028112
0.789157 0.066265 0.124498 0.020080
0.542169 0.096386 0.102410 0.259036
0.104418 0.353414 0.130522 0.411647
0.062249 0.048193 0.014056 0.875502
0.008032 0.961847 0.004016 0.026104
0.004016 0.995984 0.000000 0.000000
0.000000 0.983936 0.008032 0.008032
0.795181 0.002008 0.194779 0.008032
0.090361 0.084337 0.724900 0.100402
0.363454 0.365462 0.218876 0.052209
0.684739 0.032129 0.265060 0.018072
0.108434 0.050201 0.409639 0.431727
0.064257 0.204819 0.670683 0.060241
0.036145 0.905622 0.030120 0.028112

log-odds matrix: alength= 4 w= 21 E= 1.3e-2137
    79   -203     82   -190
   116   -238     67   -296
   228   -215   -447   -454
  -422    160   -428   -284
  -396   -203   -358    224
   215   -189   -270   -237
  -496    160   -411   -274
   208   -224   -133   -322
   153   -170   -161     47
   -84     18   -126    114
  -159   -270   -447    222
  -454    162   -628   -284
  -554    167  -1560  -1560
 -1560    165   -528   -454
   209   -728    -68   -454
  -105   -189    121    -90
    96     22    -51   -184
   187   -328    -24   -337
   -79   -264     39    120
  -154    -61    110   -164
  -237    153   -338   -274